[
  {
    "label": "lukasz",
    "descriptors": [
      [
        -0.08159583806991577,
        0.1071573942899704,
        -0.01446775533258915,
        -0.08093038201332092,
        -0.09989497065544128,
        -0.021224234253168106,
        -0.04399356618523598,
        -0.03683362528681755,
        0.29459258913993835,
        -0.08143822848796844,
        0.20848897099494934,
        -0.002860975218936801,
        -0.13214026391506195,
        -0.09097427129745483,
        -0.029715947806835175,
        0.12682856619358063,
        -0.1500912606716156,
        -0.043533895164728165,
        -0.14365254342556,
        -0.11391603946685791,
        -0.0015611854614689946,
        0.16277062892913818,
        0.0005530563648790121,
        0.026350228115916252,
        -0.11052297055721283,
        -0.3231717348098755,
        -0.07586602866649628,
        -0.13454310595989227,
        0.15484106540679932,
        -0.13649284839630127,
        -0.005367773585021496,
        0.08353155106306076,
        -0.16532503068447113,
        -0.12958870828151703,
        0.06062532216310501,
        0.012470393441617489,
        -0.11522363126277924,
        -0.04489397257566452,
        0.14328233897686005,
        0.08719920367002487,
        -0.16326503455638885,
        0.03570036217570305,
        0.04793249070644379,
        0.3358921706676483,
        0.2146613746881485,
        0.03746183589100838,
        -0.02782033197581768,
        -0.1451418399810791,
        0.12587973475456238,
        -0.2251141220331192,
        0.04027130827307701,
        0.15553906559944153,
        0.03627045080065727,
        0.07596174627542496,
        0.1648659110069275,
        -0.09852621704339981,
        -0.009521476924419403,
        0.04765667766332626,
        -0.24846823513507843,
        0.04769047722220421,
        0.06391186267137527,
        -0.01471458375453949,
        -0.142189621925354,
        -0.10297591239213943,
        0.10626079142093658,
        0.13124486804008484,
        -0.06857789307832718,
        -0.16661517322063446,
        0.11350162327289581,
        -0.20056277513504028,
        -0.05077160522341728,
        0.11541537195444107,
        -0.07107431441545486,
        -0.17651399970054626,
        -0.27627119421958923,
        0.007235205732285976,
        0.4054507911205292,
        0.20898333191871643,
        -0.12271719425916672,
        0.04345029965043068,
        -0.011755588464438915,
        -0.07363776117563248,
        0.08111444860696793,
        0.048512935638427734,
        -0.10962693393230438,
        -0.022823449224233627,
        0.028743095695972443,
        0.07897462695837021,
        0.12534800171852112,
        -0.02300320751965046,
        -0.03313610702753067,
        0.1756397932767868,
        -0.0032065550331026316,
        -0.030841665342450142,
        -0.010118653066456318,
        0.005314089823514223,
        -0.1522204577922821,
        -0.051700159907341,
        -0.16233035922050476,
        -0.11844100058078766,
        0.09826101362705231,
        -0.033521201461553574,
        0.0414881706237793,
        0.07689574360847473,
        -0.17326095700263977,
        0.2323487251996994,
        0.08050519227981567,
        -0.08671723306179047,
        0.016348155215382576,
        -0.00365202478133142,
        -0.07878024876117706,
        0.04390392452478409,
        0.17970065772533417,
        -0.16948501765727997,
        0.2686718702316284,
        0.10473901033401489,
        0.06698717921972275,
        0.16907832026481628,
        0.07684005051851273,
        0.02442334033548832,
        -0.06316700577735901,
        -0.02738519012928009,
        -0.06222061812877655,
        -0.11274624615907669,
        0.0009667268022894859,
        -0.0061318110674619675,
        0.08759075403213501,
        -0.0564635694026947
      ],
      [
        -0.10070477426052094,
        0.11414291709661484,
        -0.016414420679211617,
        -0.0754404217004776,
        -0.07444357872009277,
        -0.020616799592971802,
        -0.024627387523651123,
        -0.03844106197357178,
        0.2895740866661072,
        -0.09467372298240662,
        0.21153555810451508,
        -0.008079568855464458,
        -0.14508260786533356,
        -0.0831393226981163,
        -0.03902300447225571,
        0.12135221809148788,
        -0.16082946956157684,
        -0.05019503831863403,
        -0.16367298364639282,
        -0.10597348213195801,
        -0.006629182491451502,
        0.1620885133743286,
        -0.012167103588581085,
        0.02692575938999653,
        -0.11029502004384995,
        -0.3196796774864197,
        -0.07995893806219101,
        -0.1476520597934723,
        0.13353204727172852,
        -0.1260516196489334,
        -0.010705051943659782,
        0.06789407134056091,
        -0.16184276342391968,
        -0.133978933095932,
        0.05591360479593277,
        0.008720377460122108,
        -0.13035641610622406,
        -0.033542174845933914,
        0.14510895311832428,
        0.10126686096191406,
        -0.15041284263134003,
        0.03191710263490677,
        0.036456868052482605,
        0.3614265024662018,
        0.2241288125514984,
        0.05358264222741127,
        -0.03551742061972618,
        -0.15834470093250275,
        0.13577042520046234,
        -0.24138499796390533,
        0.0342341810464859,
        0.16317756474018097,
        0.05047391727566719,
        0.09014755487442017,
        0.17108632624149323,
        -0.10026983171701431,
        -0.007093681488186121,
        0.04377530887722969,
        -0.2467542439699173,
        0.050548993051052094,
        0.05429203808307648,
        -0.017017990350723267,
        -0.13339154422283173,
        -0.11468968540430069,
        0.1059630960226059,
        0.12245602905750275,
        -0.0794142410159111,
        -0.1549166887998581,
        0.12109311670064926,
        -0.2088024765253067,
        -0.050496600568294525,
        0.11312045902013779,
        -0.07388096302747726,
        -0.19897186756134033,
        -0.28123629093170166,
        0.011340564116835594,
        0.4032714366912842,
        0.22827988862991333,
        -0.1000770628452301,
        0.039005640894174576,
        -0.017190009355545044,
        -0.07722348719835281,
        0.08290305733680725,
        0.059019461274147034,
        -0.11489995568990707,
        -0.024820199236273766,
        0.04129081219434738,
        0.08314064890146255,
        0.12126077711582184,
        -0.02964240126311779,
        -0.03993987664580345,
        0.16847510635852814,
        -0.023063020780682564,
        -0.03536330163478851,
        -0.01757989265024662,
        -0.01128667313605547,
        -0.15244686603546143,
        -0.03893311321735382,
        -0.1558857411146164,
        -0.10137450695037842,
        0.08671218156814575,
        -0.03362496942281723,
        0.04688914865255356,
        0.06788380444049835,
        -0.1619931012392044,
        0.22044667601585388,
        0.0719500333070755,
        -0.08178437501192093,
        0.009714130312204361,
        -0.022284097969532013,
        -0.09237246960401535,
        0.05127689614892006,
        0.1836870312690735,
        -0.17901313304901123,
        0.2693856656551361,
        0.11623117327690125,
        0.05474064499139786,
        0.16514496505260468,
        0.07982944697141647,
        0.01358507014811039,
        -0.06597108393907547,
        -0.015192700549960136,
        -0.08942446112632751,
        -0.10803449153900146,
        0.01664166897535324,
        0.006842993665486574,
        0.08994779735803604,
        -0.0704774409532547
      ]
    ]
  },
  {
    "label": "eryk",
    "descriptors": [
      [
        -0.15266765654087067,
        0.12593838572502136,
        -0.0003241491795051843,
        -0.1449640840291977,
        -0.029598716646432877,
        0.014146965928375721,
        -0.014537261798977852,
        -0.007574869319796562,
        0.16890493035316467,
        -0.016722703352570534,
        0.23668937385082245,
        0.02456219494342804,
        -0.28284019231796265,
        -0.0717809647321701,
        -0.02568165771663189,
        0.09252574294805527,
        -0.18717393279075623,
        -0.08458896726369858,
        -0.09504618495702744,
        -0.12048379331827164,
        0.08092901855707169,
        0.028041251003742218,
        -0.04352789372205734,
        0.048454444855451584,
        -0.10886193811893463,
        -0.30971482396125793,
        -0.10594608634710312,
        -0.1756802648305893,
        -0.0014307905221357942,
        -0.12702429294586182,
        0.05099297687411308,
        -0.013667778111994267,
        -0.15705373883247375,
        -0.0571850910782814,
        -0.026622861623764038,
        0.026533985510468483,
        -0.11864607036113739,
        -0.06529926508665085,
        0.20530129969120026,
        0.009755799546837807,
        -0.13961096107959747,
        -0.018316159024834633,
        0.13768994808197021,
        0.2840220332145691,
        0.1490216702222824,
        0.025866061449050903,
        0.020301124081015587,
        -0.07799886912107468,
        0.1797376275062561,
        -0.2863400876522064,
        0.13495507836341858,
        0.17236803472042084,
        0.2044847309589386,
        0.17830096185207367,
        0.12206967175006866,
        -0.14971740543842316,
        0.059639666229486465,
        0.12438234686851501,
        -0.2377520352602005,
        0.13429971039295197,
        0.03683474287390709,
        -0.10777238011360168,
        -0.11197537928819656,
        -0.10117802768945694,
        0.17166300117969513,
        0.1269741803407669,
        -0.16117283701896667,
        -0.18238583207130432,
        0.12169045954942703,
        -0.13161030411720276,
        -0.10327542573213577,
        0.17211481928825378,
        -0.09692664444446564,
        -0.25586292147636414,
        -0.28826287388801575,
        0.1631568968296051,
        0.371587336063385,
        0.2339628040790558,
        -0.1396639049053192,
        0.03396570309996605,
        -0.11246179044246674,
        -0.10361267626285553,
        0.031081844121217728,
        0.09528527408838272,
        -0.08455312252044678,
        -0.015546736307442188,
        -0.07339442521333694,
        0.04506199434399605,
        0.14359888434410095,
        -0.043744415044784546,
        -0.04496736079454422,
        0.23780174553394318,
        0.010705937631428242,
        0.09667636454105377,
        -0.0450451597571373,
        0.11294394731521606,
        -0.15008650720119476,
        0.01301760133355856,
        -0.09114986658096313,
        -0.015581890940666199,
        0.09242475032806396,
        -0.08843056857585907,
        -0.025044064968824387,
        0.0208442360162735,
        -0.1528921127319336,
        0.1904451698064804,
        0.036757372319698334,
        -0.016530178487300873,
        -0.0468563511967659,
        -0.046660762280225754,
        -0.08887124806642532,
        0.009099608287215233,
        0.1527857631444931,
        -0.2996108829975128,
        0.2315404713153839,
        0.1564435362815857,
        0.05447271838784218,
        0.1692306250333786,
        0.12746165692806244,
        0.04355332627892494,
        0.01143273338675499,
        -0.13839101791381836,
        -0.20661768317222595,
        -0.05083487927913666,
        0.10013547539710999,
        0.03303798288106918,
        0.007187724579125643,
        0.011210177093744278
      ],
      [
        -0.16348063945770264,
        0.11958284676074982,
        0.038052916526794434,
        -0.1315796673297882,
        -0.06468740850687027,
        0.03607724979519844,
        -0.02426566742360592,
        0.006755759473890066,
        0.1280263215303421,
        0.015129685401916504,
        0.2945517599582672,
        0.01628127321600914,
        -0.2703365683555603,
        -0.10220538824796677,
        0.021203549578785896,
        0.11607258021831512,
        -0.1905306726694107,
        -0.07670128345489502,
        -0.10449733585119247,
        -0.10483545809984207,
        0.03739166259765625,
        0.033231738954782486,
        0.007831520400941372,
        0.03631431609392166,
        -0.1050550788640976,
        -0.31257760524749756,
        -0.08441638946533203,
        -0.1535239964723587,
        0.05299733206629753,
        -0.17033535242080688,
        0.008119878359138966,
        0.015781089663505554,
        -0.1778087466955185,
        -0.1156233623623848,
        0.012195521034300327,
        0.04046648368239403,
        -0.1032114177942276,
        -0.11412560939788818,
        0.22149473428726196,
        -0.012467190623283386,
        -0.1432182788848877,
        -0.02568839304149151,
        0.11945651471614838,
        0.29177039861679077,
        0.18973492085933685,
        -0.0031208719592541456,
        0.027874983847141266,
        -0.00591027457267046,
        0.12069764733314514,
        -0.3106539249420166,
        0.1339959055185318,
        0.13931550085544586,
        0.1928490549325943,
        0.09608586877584457,
        0.12511096894741058,
        -0.1291237622499466,
        0.0026067770086228848,
        0.1537022888660431,
        -0.20719897747039795,
        0.12311846017837524,
        0.04775689169764519,
        -0.1069941446185112,
        -0.08993207663297653,
        -0.12649695575237274,
        0.173117995262146,
        0.10798318684101105,
        -0.17871607840061188,
        -0.18003636598587036,
        0.09043176472187042,
        -0.06520276516675949,
        -0.0847606286406517,
        0.18610122799873352,
        -0.1267491579055786,
        -0.24339888989925385,
        -0.30872616171836853,
        0.17321337759494781,
        0.41456806659698486,
        0.19567058980464935,
        -0.1635551154613495,
        0.022724144160747528,
        -0.0676480084657669,
        -0.11473725736141205,
        0.009473984129726887,
        0.13486908376216888,
        -0.04773155227303505,
        -0.018450189381837845,
        -0.06010258197784424,
        0.06778966635465622,
        0.12173844128847122,
        -0.02059341035783291,
        -0.08604247123003006,
        0.2261742800474167,
        -0.02403859607875347,
        0.06599461287260056,
        -0.03234150633215904,
        0.1227426752448082,
        -0.09029175341129303,
        -0.009817549027502537,
        -0.08925655484199524,
        0.0003370759659446776,
        0.08916980773210526,
        -0.07690655440092087,
        -0.030090341344475746,
        0.0810149535536766,
        -0.10873826593160629,
        0.1274174451828003,
        0.0008536792593076825,
        -0.0055473847314715385,
        -0.037257835268974304,
        -0.07356905937194824,
        -0.07584869116544724,
        0.009776716120541096,
        0.13199879229068756,
        -0.33525708317756653,
        0.17059211432933807,
        0.18388399481773376,
        0.01673494279384613,
        0.13248999416828156,
        0.12439686805009842,
        0.019357580691576004,
        0.07916859537363052,
        -0.07571148872375488,
        -0.19365434348583221,
        -0.0722556859254837,
        0.09668359905481339,
        0.012129821814596653,
        0.04118926823139191,
        0.008341759443283081
      ]
    ]
  }
]